/*--------------------------------*- C++ -*----------------------------------*\
  =========                 |
  \\      /  F ield         | OpenFOAM: The Open Source CFD Toolbox
   \\    /   O peration     | Website:  https://openfoam.org
    \\  /    A nd           | Version:  7
     \\/     M anipulation  |
\*---------------------------------------------------------------------------*/
FoamFile
{
    version     2.0;
    format      ascii;
    class       cellSet;
    location    "constant/polyMesh/sets";
    object      zone_fluid;
}
// * * * * * * * * * * * * * * * * * * * * * * * * * * * * * * * * * * * * * //


6400
(
16384 
0 
16385 
1 
16386 
2 
16387 
3 
16388 
4 
16389 
5 
16390 
6 
16391 
7 
16392 
8 
16393 
9 
16394 
10 
16395 
11 
16396 
12 
16397 
13 
16398 
14 
16399 
15 
16400 
16 
16401 
17 
16402 
18 
16403 
19 
16404 
20 
16405 
21 
16406 
22 
16407 
23 
16408 
24 
16409 
25 
16410 
26 
16411 
27 
16412 
28 
16413 
29 
16414 
30 
16415 
31 
16416 
32 
16417 
33 
16418 
34 
16419 
35 
16420 
36 
16421 
37 
16422 
38 
16423 
39 
16424 
16425 
16426 
16427 
16428 
16429 
16430 
16431 
16432 
16433 
16434 
16435 
16436 
16437 
16438 
16439 
360 
361 
362 
363 
364 
365 
366 
367 
368 
369 
370 
371 
372 
373 
374 
375 
16760 
376 
16761 
377 
16762 
378 
16763 
379 
16764 
380 
16765 
381 
16766 
382 
16767 
383 
16768 
384 
16769 
385 
16770 
386 
16771 
387 
16772 
388 
16773 
389 
16774 
390 
16775 
391 
16776 
392 
16777 
393 
16778 
394 
16779 
395 
16780 
396 
16781 
397 
16782 
398 
16783 
399 
16784 
400 
16785 
401 
16786 
402 
16787 
403 
16788 
404 
16789 
405 
16790 
406 
16791 
407 
16792 
408 
16793 
409 
16794 
410 
16795 
411 
16796 
412 
16797 
413 
16798 
414 
16799 
415 
16800 
416 
16801 
417 
16802 
418 
16803 
419 
16804 
420 
16805 
421 
16806 
422 
16807 
423 
16808 
424 
16809 
425 
16810 
426 
16811 
427 
16812 
428 
16813 
429 
16814 
430 
16815 
431 
16816 
432 
16817 
433 
16818 
434 
16819 
435 
16820 
436 
16821 
437 
16822 
438 
16823 
439 
16824 
16825 
16826 
16827 
16828 
16829 
16830 
16831 
16832 
16833 
16834 
16835 
16836 
16837 
16838 
16839 
760 
761 
762 
763 
764 
765 
766 
767 
768 
769 
770 
771 
772 
773 
774 
775 
17160 
776 
17161 
777 
17162 
778 
17163 
779 
17164 
780 
17165 
781 
17166 
782 
17167 
783 
17168 
784 
17169 
785 
17170 
786 
17171 
787 
17172 
788 
17173 
789 
17174 
790 
17175 
791 
17176 
792 
17177 
793 
17178 
794 
17179 
795 
17180 
796 
17181 
797 
17182 
798 
17183 
799 
17184 
800 
17185 
801 
17186 
802 
17187 
803 
17188 
804 
17189 
805 
17190 
806 
17191 
807 
17192 
808 
17193 
809 
17194 
810 
17195 
811 
17196 
812 
17197 
813 
17198 
814 
17199 
815 
17200 
816 
17201 
817 
17202 
818 
17203 
819 
17204 
820 
17205 
821 
17206 
822 
17207 
823 
17208 
824 
17209 
825 
17210 
826 
17211 
827 
17212 
828 
17213 
829 
17214 
830 
17215 
831 
17216 
832 
17217 
833 
17218 
834 
17219 
835 
17220 
836 
17221 
837 
17222 
838 
17223 
839 
17224 
17225 
17226 
17227 
17228 
17229 
17230 
17231 
17232 
17233 
17234 
17235 
17236 
17237 
17238 
17239 
1160 
1161 
1162 
1163 
1164 
1165 
1166 
1167 
1168 
1169 
1170 
1171 
1172 
1173 
1174 
1175 
17560 
1176 
17561 
1177 
17562 
1178 
17563 
1179 
17564 
1180 
17565 
1181 
17566 
1182 
17567 
1183 
17568 
1184 
17569 
1185 
17570 
1186 
17571 
1187 
17572 
1188 
17573 
1189 
17574 
1190 
17575 
1191 
17576 
1192 
17577 
1193 
17578 
1194 
17579 
1195 
17580 
1196 
17581 
1197 
17582 
1198 
17583 
1199 
17584 
1200 
17585 
1201 
17586 
1202 
17587 
1203 
17588 
1204 
17589 
1205 
17590 
1206 
17591 
1207 
17592 
1208 
17593 
1209 
17594 
1210 
17595 
1211 
17596 
1212 
17597 
1213 
17598 
1214 
17599 
1215 
17600 
1216 
17601 
1217 
17602 
1218 
17603 
1219 
17604 
1220 
17605 
1221 
17606 
1222 
17607 
1223 
17608 
1224 
17609 
1225 
17610 
1226 
17611 
1227 
17612 
1228 
17613 
1229 
17614 
1230 
17615 
1231 
17616 
1232 
17617 
1233 
17618 
1234 
17619 
1235 
17620 
1236 
17621 
1237 
17622 
1238 
17623 
1239 
17624 
17625 
17626 
17627 
17628 
17629 
17630 
17631 
17632 
17633 
17634 
17635 
17636 
17637 
17638 
17639 
1560 
1561 
1562 
1563 
1564 
1565 
1566 
1567 
1568 
1569 
1570 
1571 
1572 
1573 
1574 
1575 
17960 
1576 
17961 
1577 
17962 
1578 
17963 
1579 
17964 
1580 
17965 
1581 
17966 
1582 
17967 
1583 
17968 
1584 
17969 
1585 
17970 
1586 
17971 
1587 
17972 
1588 
17973 
1589 
17974 
1590 
17975 
1591 
17976 
1592 
17977 
1593 
17978 
1594 
17979 
1595 
17980 
1596 
17981 
1597 
17982 
1598 
17983 
1599 
17984 
1600 
17985 
1601 
17986 
1602 
17987 
1603 
17988 
1604 
17989 
1605 
17990 
1606 
17991 
1607 
17992 
1608 
17993 
1609 
17994 
1610 
17995 
1611 
17996 
1612 
17997 
1613 
17998 
1614 
17999 
1615 
18000 
1616 
18001 
1617 
18002 
1618 
18003 
1619 
18004 
1620 
18005 
1621 
18006 
1622 
18007 
1623 
18008 
1624 
18009 
1625 
18010 
1626 
18011 
1627 
18012 
1628 
18013 
1629 
18014 
1630 
18015 
1631 
18016 
1632 
18017 
1633 
18018 
1634 
18019 
1635 
18020 
1636 
18021 
1637 
18022 
1638 
18023 
1639 
18024 
18025 
18026 
18027 
18028 
18029 
18030 
18031 
18032 
18033 
18034 
18035 
18036 
18037 
18038 
18039 
1960 
1961 
1962 
1963 
1964 
1965 
1966 
1967 
1968 
1969 
1970 
1971 
1972 
1973 
1974 
1975 
18360 
1976 
18361 
1977 
18362 
1978 
18363 
1979 
18364 
1980 
18365 
1981 
18366 
1982 
18367 
1983 
18368 
1984 
18369 
1985 
18370 
1986 
18371 
1987 
18372 
1988 
18373 
1989 
18374 
1990 
18375 
1991 
18376 
1992 
18377 
1993 
18378 
1994 
18379 
1995 
18380 
1996 
18381 
1997 
18382 
1998 
18383 
1999 
18384 
2000 
18385 
2001 
18386 
2002 
18387 
2003 
18388 
2004 
18389 
2005 
18390 
2006 
18391 
2007 
18392 
2008 
18393 
2009 
18394 
2010 
18395 
2011 
18396 
2012 
18397 
2013 
18398 
2014 
18399 
2015 
18400 
2016 
18401 
2017 
18402 
2018 
18403 
2019 
18404 
2020 
18405 
2021 
18406 
2022 
18407 
2023 
18408 
2024 
18409 
2025 
18410 
2026 
18411 
2027 
18412 
2028 
18413 
2029 
18414 
2030 
18415 
2031 
18416 
2032 
18417 
2033 
18418 
2034 
18419 
2035 
18420 
2036 
18421 
2037 
18422 
2038 
18423 
2039 
18424 
18425 
18426 
18427 
18428 
18429 
18430 
18431 
18432 
18433 
18434 
18435 
18436 
18437 
18438 
18439 
2360 
2361 
2362 
2363 
2364 
2365 
2366 
2367 
2368 
2369 
2370 
2371 
2372 
2373 
2374 
2375 
18760 
2376 
18761 
2377 
18762 
2378 
18763 
2379 
18764 
2380 
18765 
2381 
18766 
2382 
18767 
2383 
18768 
2384 
18769 
2385 
18770 
2386 
18771 
2387 
18772 
2388 
18773 
2389 
18774 
2390 
18775 
2391 
18776 
2392 
18777 
2393 
18778 
2394 
18779 
2395 
18780 
2396 
18781 
2397 
18782 
2398 
18783 
2399 
18784 
2400 
18785 
2401 
18786 
2402 
18787 
2403 
18788 
2404 
18789 
2405 
18790 
2406 
18791 
2407 
18792 
2408 
18793 
2409 
18794 
2410 
18795 
2411 
18796 
2412 
18797 
2413 
18798 
2414 
18799 
2415 
18800 
2416 
18801 
2417 
18802 
2418 
18803 
2419 
18804 
2420 
18805 
2421 
18806 
2422 
18807 
2423 
18808 
2424 
18809 
2425 
18810 
2426 
18811 
2427 
18812 
2428 
18813 
2429 
18814 
2430 
18815 
2431 
18816 
2432 
18817 
2433 
18818 
2434 
18819 
2435 
18820 
2436 
18821 
2437 
18822 
2438 
18823 
2439 
18824 
18825 
18826 
18827 
18828 
18829 
18830 
18831 
18832 
18833 
18834 
18835 
18836 
18837 
18838 
18839 
2760 
2761 
2762 
2763 
2764 
2765 
2766 
2767 
2768 
2769 
2770 
2771 
2772 
2773 
2774 
2775 
19160 
2776 
19161 
2777 
19162 
2778 
19163 
2779 
19164 
2780 
19165 
2781 
19166 
2782 
19167 
2783 
19168 
2784 
19169 
2785 
19170 
2786 
19171 
2787 
19172 
2788 
19173 
2789 
19174 
2790 
19175 
2791 
19176 
2792 
19177 
2793 
19178 
2794 
19179 
2795 
19180 
2796 
19181 
2797 
19182 
2798 
19183 
2799 
19184 
2800 
19185 
2801 
19186 
2802 
19187 
2803 
19188 
2804 
19189 
2805 
19190 
2806 
19191 
2807 
19192 
2808 
19193 
2809 
19194 
2810 
19195 
2811 
19196 
2812 
19197 
2813 
19198 
2814 
19199 
2815 
19200 
2816 
19201 
2817 
19202 
2818 
19203 
2819 
19204 
2820 
19205 
2821 
19206 
2822 
19207 
2823 
19208 
2824 
19209 
2825 
19210 
2826 
19211 
2827 
19212 
2828 
19213 
2829 
19214 
2830 
19215 
2831 
19216 
2832 
19217 
2833 
19218 
2834 
19219 
2835 
19220 
2836 
19221 
2837 
19222 
2838 
19223 
2839 
19224 
19225 
19226 
19227 
19228 
19229 
19230 
19231 
19232 
19233 
19234 
19235 
19236 
19237 
19238 
19239 
3160 
3161 
3162 
3163 
3164 
3165 
3166 
3167 
3168 
3169 
3170 
3171 
3172 
3173 
3174 
3175 
19560 
3176 
19561 
3177 
19562 
3178 
19563 
3179 
19564 
3180 
19565 
3181 
19566 
3182 
19567 
3183 
19568 
3184 
19569 
3185 
19570 
3186 
19571 
3187 
19572 
3188 
19573 
3189 
19574 
3190 
19575 
3191 
19576 
3192 
19577 
3193 
19578 
3194 
19579 
3195 
19580 
3196 
19581 
3197 
19582 
3198 
19583 
3199 
19584 
3200 
19585 
3201 
19586 
3202 
19587 
3203 
19588 
3204 
19589 
3205 
19590 
3206 
19591 
3207 
19592 
3208 
19593 
3209 
19594 
3210 
19595 
3211 
19596 
3212 
19597 
3213 
19598 
3214 
19599 
3215 
19600 
3216 
19601 
3217 
19602 
3218 
19603 
3219 
19604 
3220 
19605 
3221 
19606 
3222 
19607 
3223 
19608 
3224 
19609 
3225 
19610 
3226 
19611 
3227 
19612 
3228 
19613 
3229 
19614 
3230 
19615 
3231 
19616 
3232 
19617 
3233 
19618 
3234 
19619 
3235 
19620 
3236 
19621 
3237 
19622 
3238 
19623 
3239 
19624 
19625 
19626 
19627 
19628 
19629 
19630 
19631 
19632 
19633 
19634 
19635 
19636 
19637 
19638 
19639 
3560 
3561 
3562 
3563 
3564 
3565 
3566 
3567 
3568 
3569 
3570 
3571 
3572 
3573 
3574 
3575 
19960 
3576 
19961 
3577 
19962 
3578 
19963 
3579 
19964 
3580 
19965 
3581 
19966 
3582 
19967 
3583 
19968 
3584 
19969 
3585 
19970 
3586 
19971 
3587 
19972 
3588 
19973 
3589 
19974 
3590 
19975 
3591 
19976 
3592 
19977 
3593 
19978 
3594 
19979 
3595 
19980 
3596 
19981 
3597 
19982 
3598 
19983 
3599 
19984 
3600 
19985 
3601 
19986 
3602 
19987 
3603 
19988 
3604 
19989 
3605 
19990 
3606 
19991 
3607 
19992 
3608 
19993 
3609 
19994 
3610 
19995 
3611 
19996 
3612 
19997 
3613 
19998 
3614 
19999 
3615 
20000 
3616 
20001 
3617 
20002 
3618 
20003 
3619 
20004 
3620 
20005 
3621 
20006 
3622 
20007 
3623 
20008 
3624 
20009 
3625 
20010 
3626 
20011 
3627 
20012 
3628 
20013 
3629 
20014 
3630 
20015 
3631 
20016 
3632 
20017 
3633 
20018 
3634 
20019 
3635 
20020 
3636 
20021 
3637 
20022 
3638 
20023 
3639 
20024 
20025 
20026 
20027 
20028 
20029 
20030 
20031 
20032 
20033 
20034 
20035 
20036 
20037 
20038 
20039 
3960 
3961 
3962 
3963 
3964 
3965 
3966 
3967 
3968 
3969 
3970 
3971 
3972 
3973 
3974 
3975 
20360 
3976 
20361 
3977 
20362 
3978 
20363 
3979 
20364 
3980 
20365 
3981 
20366 
3982 
20367 
3983 
20368 
3984 
20369 
3985 
20370 
3986 
20371 
3987 
20372 
3988 
20373 
3989 
20374 
3990 
20375 
3991 
20376 
3992 
20377 
3993 
20378 
3994 
20379 
3995 
20380 
3996 
20381 
3997 
20382 
3998 
20383 
3999 
20384 
4000 
20385 
4001 
20386 
4002 
20387 
4003 
20388 
4004 
20389 
4005 
20390 
4006 
20391 
4007 
20392 
4008 
20393 
4009 
20394 
4010 
20395 
4011 
20396 
4012 
20397 
4013 
20398 
4014 
20399 
4015 
20400 
4016 
20401 
4017 
20402 
4018 
20403 
4019 
20404 
4020 
20405 
4021 
20406 
4022 
20407 
4023 
20408 
4024 
20409 
4025 
20410 
4026 
20411 
4027 
20412 
4028 
20413 
4029 
20414 
4030 
20415 
4031 
20416 
4032 
20417 
4033 
20418 
4034 
20419 
4035 
20420 
4036 
20421 
4037 
20422 
4038 
20423 
4039 
20424 
20425 
20426 
20427 
20428 
20429 
20430 
20431 
20432 
20433 
20434 
20435 
20436 
20437 
20438 
20439 
4360 
4361 
4362 
4363 
4364 
4365 
4366 
4367 
4368 
4369 
4370 
4371 
4372 
4373 
4374 
4375 
20760 
4376 
20761 
4377 
20762 
4378 
20763 
4379 
20764 
4380 
20765 
4381 
20766 
4382 
20767 
4383 
20768 
4384 
20769 
4385 
20770 
4386 
20771 
4387 
20772 
4388 
20773 
4389 
20774 
4390 
20775 
4391 
20776 
4392 
20777 
4393 
20778 
4394 
20779 
4395 
20780 
4396 
20781 
4397 
20782 
4398 
20783 
4399 
20784 
4400 
20785 
4401 
20786 
4402 
20787 
4403 
20788 
4404 
20789 
4405 
20790 
4406 
20791 
4407 
20792 
4408 
20793 
4409 
20794 
4410 
20795 
4411 
20796 
4412 
20797 
4413 
20798 
4414 
20799 
4415 
20800 
4416 
20801 
4417 
20802 
4418 
20803 
4419 
20804 
4420 
20805 
4421 
20806 
4422 
20807 
4423 
20808 
4424 
20809 
4425 
20810 
4426 
20811 
4427 
20812 
4428 
20813 
4429 
20814 
4430 
20815 
4431 
20816 
4432 
20817 
4433 
20818 
4434 
20819 
4435 
20820 
4436 
20821 
4437 
20822 
4438 
20823 
4439 
20824 
20825 
20826 
20827 
20828 
20829 
20830 
20831 
20832 
20833 
20834 
20835 
20836 
20837 
20838 
20839 
4760 
4761 
4762 
4763 
4764 
4765 
4766 
4767 
4768 
4769 
4770 
4771 
4772 
4773 
4774 
4775 
21160 
4776 
21161 
4777 
21162 
4778 
21163 
4779 
21164 
4780 
21165 
4781 
21166 
4782 
21167 
4783 
21168 
4784 
21169 
4785 
21170 
4786 
21171 
4787 
21172 
4788 
21173 
4789 
21174 
4790 
21175 
4791 
21176 
4792 
21177 
4793 
21178 
4794 
21179 
4795 
21180 
4796 
21181 
4797 
21182 
4798 
21183 
4799 
21184 
4800 
21185 
4801 
21186 
4802 
21187 
4803 
21188 
4804 
21189 
4805 
21190 
4806 
21191 
4807 
21192 
4808 
21193 
4809 
21194 
4810 
21195 
4811 
21196 
4812 
21197 
4813 
21198 
4814 
21199 
4815 
21200 
4816 
21201 
4817 
21202 
4818 
21203 
4819 
21204 
4820 
21205 
4821 
21206 
4822 
21207 
4823 
21208 
4824 
21209 
4825 
21210 
4826 
21211 
4827 
21212 
4828 
21213 
4829 
21214 
4830 
21215 
4831 
21216 
4832 
21217 
4833 
21218 
4834 
21219 
4835 
21220 
4836 
21221 
4837 
21222 
4838 
21223 
4839 
21224 
21225 
21226 
21227 
21228 
21229 
21230 
21231 
21232 
21233 
21234 
21235 
21236 
21237 
21238 
21239 
5160 
5161 
5162 
5163 
5164 
5165 
5166 
5167 
5168 
5169 
5170 
5171 
5172 
5173 
5174 
5175 
21560 
5176 
21561 
5177 
21562 
5178 
21563 
5179 
21564 
5180 
21565 
5181 
21566 
5182 
21567 
5183 
21568 
5184 
21569 
5185 
21570 
5186 
21571 
5187 
21572 
5188 
21573 
5189 
21574 
5190 
21575 
5191 
21576 
5192 
21577 
5193 
21578 
5194 
21579 
5195 
21580 
5196 
21581 
5197 
21582 
5198 
21583 
5199 
21584 
5200 
21585 
5201 
21586 
5202 
21587 
5203 
21588 
5204 
21589 
5205 
21590 
5206 
21591 
5207 
21592 
5208 
21593 
5209 
21594 
5210 
21595 
5211 
21596 
5212 
21597 
5213 
21598 
5214 
21599 
5215 
21600 
5216 
21601 
5217 
21602 
5218 
21603 
5219 
21604 
5220 
21605 
5221 
21606 
5222 
21607 
5223 
21608 
5224 
21609 
5225 
21610 
5226 
21611 
5227 
21612 
5228 
21613 
5229 
21614 
5230 
21615 
5231 
21616 
5232 
21617 
5233 
21618 
5234 
21619 
5235 
21620 
5236 
21621 
5237 
21622 
5238 
21623 
5239 
21624 
21625 
21626 
21627 
21628 
21629 
21630 
21631 
21632 
21633 
21634 
21635 
21636 
21637 
21638 
21639 
5560 
5561 
5562 
5563 
5564 
5565 
5566 
5567 
5568 
5569 
5570 
5571 
5572 
5573 
5574 
5575 
21960 
5576 
21961 
5577 
21962 
5578 
21963 
5579 
21964 
5580 
21965 
5581 
21966 
5582 
21967 
5583 
21968 
5584 
21969 
5585 
21970 
5586 
21971 
5587 
21972 
5588 
21973 
5589 
21974 
5590 
21975 
5591 
21976 
5592 
21977 
5593 
21978 
5594 
21979 
5595 
21980 
5596 
21981 
5597 
21982 
5598 
21983 
5599 
21984 
5600 
21985 
5601 
21986 
5602 
21987 
5603 
21988 
5604 
21989 
5605 
21990 
5606 
21991 
5607 
21992 
5608 
21993 
5609 
21994 
5610 
21995 
5611 
21996 
5612 
21997 
5613 
21998 
5614 
21999 
5615 
22000 
5616 
22001 
5617 
22002 
5618 
22003 
5619 
22004 
5620 
22005 
5621 
22006 
5622 
22007 
5623 
22008 
5624 
22009 
5625 
22010 
5626 
22011 
5627 
22012 
5628 
22013 
5629 
22014 
5630 
22015 
5631 
22016 
5632 
22017 
5633 
22018 
5634 
22019 
5635 
22020 
5636 
22021 
5637 
22022 
5638 
22023 
5639 
22024 
22025 
22026 
22027 
22028 
22029 
22030 
22031 
22032 
22033 
22034 
22035 
22036 
22037 
22038 
22039 
5960 
5961 
5962 
5963 
5964 
5965 
5966 
5967 
5968 
5969 
5970 
5971 
5972 
5973 
5974 
5975 
22360 
5976 
22361 
5977 
22362 
5978 
22363 
5979 
22364 
5980 
22365 
5981 
22366 
5982 
22367 
5983 
22368 
5984 
22369 
5985 
22370 
5986 
22371 
5987 
22372 
5988 
22373 
5989 
22374 
5990 
22375 
5991 
22376 
5992 
22377 
5993 
22378 
5994 
22379 
5995 
22380 
5996 
22381 
5997 
22382 
5998 
22383 
5999 
22384 
6000 
22385 
6001 
22386 
6002 
22387 
6003 
22388 
6004 
22389 
6005 
22390 
6006 
22391 
6007 
22392 
6008 
22393 
6009 
22394 
6010 
22395 
6011 
22396 
6012 
22397 
6013 
22398 
6014 
22399 
6015 
22400 
6016 
22401 
6017 
22402 
6018 
22403 
6019 
22404 
6020 
22405 
6021 
22406 
6022 
22407 
6023 
22408 
6024 
22409 
6025 
22410 
6026 
22411 
6027 
22412 
6028 
22413 
6029 
22414 
6030 
22415 
6031 
22416 
6032 
22417 
6033 
22418 
6034 
22419 
6035 
22420 
6036 
22421 
6037 
22422 
6038 
22423 
6039 
22424 
22425 
22426 
22427 
22428 
22429 
22430 
22431 
22432 
22433 
22434 
22435 
22436 
22437 
22438 
22439 
6360 
6361 
6362 
6363 
6364 
6365 
6366 
6367 
6368 
6369 
6370 
6371 
6372 
6373 
6374 
6375 
22760 
6376 
22761 
6377 
22762 
6378 
22763 
6379 
22764 
6380 
22765 
6381 
22766 
6382 
22767 
6383 
22768 
6384 
22769 
6385 
22770 
6386 
22771 
6387 
22772 
6388 
22773 
6389 
22774 
6390 
22775 
6391 
22776 
6392 
22777 
6393 
22778 
6394 
22779 
6395 
22780 
6396 
22781 
6397 
22782 
6398 
22783 
6399 
22784 
6400 
22785 
6401 
22786 
6402 
22787 
6403 
22788 
6404 
22789 
6405 
22790 
6406 
22791 
6407 
22792 
6408 
22793 
6409 
22794 
6410 
22795 
6411 
22796 
6412 
22797 
6413 
22798 
6414 
22799 
6415 
22800 
6416 
22801 
6417 
22802 
6418 
22803 
6419 
22804 
6420 
22805 
6421 
22806 
6422 
22807 
6423 
22808 
6424 
22809 
6425 
22810 
6426 
22811 
6427 
22812 
6428 
22813 
6429 
22814 
6430 
22815 
6431 
22816 
6432 
22817 
6433 
22818 
6434 
22819 
6435 
22820 
6436 
22821 
6437 
22822 
6438 
22823 
6439 
22824 
22825 
22826 
22827 
22828 
22829 
22830 
22831 
22832 
22833 
22834 
22835 
22836 
22837 
22838 
22839 
6760 
6761 
6762 
6763 
6764 
6765 
6766 
6767 
6768 
6769 
6770 
6771 
6772 
6773 
6774 
6775 
23160 
6776 
23161 
6777 
23162 
6778 
23163 
6779 
23164 
6780 
23165 
6781 
23166 
6782 
23167 
6783 
23168 
6784 
23169 
6785 
23170 
6786 
23171 
6787 
23172 
6788 
23173 
6789 
23174 
6790 
23175 
6791 
23176 
6792 
23177 
6793 
23178 
6794 
23179 
6795 
23180 
6796 
23181 
6797 
23182 
6798 
23183 
6799 
23184 
6800 
23185 
6801 
23186 
6802 
23187 
6803 
23188 
6804 
23189 
6805 
23190 
6806 
23191 
6807 
23192 
6808 
23193 
6809 
23194 
6810 
23195 
6811 
23196 
6812 
23197 
6813 
23198 
6814 
23199 
6815 
23200 
6816 
23201 
6817 
23202 
6818 
23203 
6819 
23204 
6820 
23205 
6821 
23206 
6822 
23207 
6823 
23208 
6824 
23209 
6825 
23210 
6826 
23211 
6827 
23212 
6828 
23213 
6829 
23214 
6830 
23215 
6831 
23216 
6832 
23217 
6833 
23218 
6834 
23219 
6835 
23220 
6836 
23221 
6837 
23222 
6838 
23223 
6839 
23224 
23225 
23226 
23227 
23228 
23229 
23230 
23231 
23232 
23233 
23234 
23235 
23236 
23237 
23238 
23239 
7160 
7161 
7162 
7163 
7164 
7165 
7166 
7167 
7168 
7169 
7170 
7171 
7172 
7173 
7174 
7175 
23560 
7176 
23561 
7177 
23562 
7178 
23563 
7179 
23564 
7180 
23565 
7181 
23566 
7182 
23567 
7183 
23568 
7184 
23569 
7185 
23570 
7186 
23571 
7187 
23572 
7188 
23573 
7189 
23574 
7190 
23575 
7191 
23576 
7192 
23577 
7193 
23578 
7194 
23579 
7195 
23580 
7196 
23581 
7197 
23582 
7198 
23583 
7199 
23584 
7200 
23585 
7201 
23586 
7202 
23587 
7203 
23588 
7204 
23589 
7205 
23590 
7206 
23591 
7207 
23592 
7208 
23593 
7209 
23594 
7210 
23595 
7211 
23596 
7212 
23597 
7213 
23598 
7214 
23599 
7215 
23600 
7216 
23601 
7217 
23602 
7218 
23603 
7219 
23604 
7220 
23605 
7221 
23606 
7222 
23607 
7223 
23608 
7224 
23609 
7225 
23610 
7226 
23611 
7227 
23612 
7228 
23613 
7229 
23614 
7230 
23615 
7231 
23616 
7232 
23617 
7233 
23618 
7234 
23619 
7235 
23620 
7236 
23621 
7237 
23622 
7238 
23623 
7239 
23624 
23625 
23626 
23627 
23628 
23629 
23630 
23631 
23632 
23633 
23634 
23635 
23636 
23637 
23638 
23639 
7560 
7561 
7562 
7563 
7564 
7565 
7566 
7567 
7568 
7569 
7570 
7571 
7572 
7573 
7574 
7575 
23960 
7576 
23961 
7577 
23962 
7578 
23963 
7579 
23964 
7580 
23965 
7581 
23966 
7582 
23967 
7583 
23968 
7584 
23969 
7585 
23970 
7586 
23971 
7587 
23972 
7588 
23973 
7589 
23974 
7590 
23975 
7591 
23976 
7592 
23977 
7593 
23978 
7594 
23979 
7595 
23980 
7596 
23981 
7597 
23982 
7598 
23983 
7599 
23984 
7600 
23985 
7601 
23986 
7602 
23987 
7603 
23988 
7604 
23989 
7605 
23990 
7606 
23991 
7607 
23992 
7608 
23993 
7609 
23994 
7610 
23995 
7611 
23996 
7612 
23997 
7613 
23998 
7614 
23999 
7615 
24000 
7616 
24001 
7617 
24002 
7618 
24003 
7619 
24004 
7620 
24005 
7621 
24006 
7622 
24007 
7623 
24008 
7624 
24009 
7625 
24010 
7626 
24011 
7627 
24012 
7628 
24013 
7629 
24014 
7630 
24015 
7631 
24016 
7632 
24017 
7633 
24018 
7634 
24019 
7635 
24020 
7636 
24021 
7637 
24022 
7638 
24023 
7639 
24024 
24025 
24026 
24027 
24028 
24029 
24030 
24031 
24032 
24033 
24034 
24035 
24036 
24037 
24038 
24039 
7960 
7961 
7962 
7963 
7964 
7965 
7966 
7967 
7968 
7969 
7970 
7971 
7972 
7973 
7974 
7975 
24360 
7976 
24361 
7977 
24362 
7978 
24363 
7979 
24364 
7980 
24365 
7981 
24366 
7982 
24367 
7983 
24368 
7984 
24369 
7985 
24370 
7986 
24371 
7987 
24372 
7988 
24373 
7989 
24374 
7990 
24375 
7991 
24376 
7992 
24377 
7993 
24378 
7994 
24379 
7995 
24380 
7996 
24381 
7997 
24382 
7998 
24383 
7999 
24384 
8000 
24385 
8001 
24386 
8002 
24387 
8003 
24388 
8004 
24389 
8005 
24390 
8006 
24391 
8007 
24392 
8008 
24393 
8009 
24394 
8010 
24395 
8011 
24396 
8012 
24397 
8013 
24398 
8014 
24399 
8015 
24400 
8016 
24401 
8017 
24402 
8018 
24403 
8019 
24404 
8020 
24405 
8021 
24406 
8022 
24407 
8023 
24408 
8024 
24409 
8025 
24410 
8026 
24411 
8027 
24412 
8028 
24413 
8029 
24414 
8030 
24415 
8031 
24416 
8032 
24417 
8033 
24418 
8034 
24419 
8035 
24420 
8036 
24421 
8037 
24422 
8038 
24423 
8039 
24424 
24425 
24426 
24427 
24428 
24429 
24430 
24431 
24432 
24433 
24434 
24435 
24436 
24437 
24438 
24439 
8360 
8361 
8362 
8363 
8364 
8365 
8366 
8367 
8368 
8369 
8370 
8371 
8372 
8373 
8374 
8375 
24760 
8376 
24761 
8377 
24762 
8378 
24763 
8379 
24764 
8380 
24765 
8381 
24766 
8382 
24767 
8383 
24768 
8384 
24769 
8385 
24770 
8386 
24771 
8387 
24772 
8388 
24773 
8389 
24774 
8390 
24775 
8391 
24776 
8392 
24777 
8393 
24778 
8394 
24779 
8395 
24780 
8396 
24781 
8397 
24782 
8398 
24783 
8399 
24784 
8400 
24785 
8401 
24786 
8402 
24787 
8403 
24788 
8404 
24789 
8405 
24790 
8406 
24791 
8407 
24792 
8408 
24793 
8409 
24794 
8410 
24795 
8411 
24796 
8412 
24797 
8413 
24798 
8414 
24799 
8415 
24800 
8416 
24801 
8417 
24802 
8418 
24803 
8419 
24804 
8420 
24805 
8421 
24806 
8422 
24807 
8423 
24808 
8424 
24809 
8425 
24810 
8426 
24811 
8427 
24812 
8428 
24813 
8429 
24814 
8430 
24815 
8431 
24816 
8432 
24817 
8433 
24818 
8434 
24819 
8435 
24820 
8436 
24821 
8437 
24822 
8438 
24823 
8439 
24824 
24825 
24826 
24827 
24828 
24829 
24830 
24831 
24832 
24833 
24834 
24835 
24836 
24837 
24838 
24839 
8760 
8761 
8762 
8763 
8764 
8765 
8766 
8767 
8768 
8769 
8770 
8771 
8772 
8773 
8774 
8775 
25160 
8776 
25161 
8777 
25162 
8778 
25163 
8779 
25164 
8780 
25165 
8781 
25166 
8782 
25167 
8783 
25168 
8784 
25169 
8785 
25170 
8786 
25171 
8787 
25172 
8788 
25173 
8789 
25174 
8790 
25175 
8791 
25176 
8792 
25177 
8793 
25178 
8794 
25179 
8795 
25180 
8796 
25181 
8797 
25182 
8798 
25183 
8799 
25184 
8800 
25185 
8801 
25186 
8802 
25187 
8803 
25188 
8804 
25189 
8805 
25190 
8806 
25191 
8807 
25192 
8808 
25193 
8809 
25194 
8810 
25195 
8811 
25196 
8812 
25197 
8813 
25198 
8814 
25199 
8815 
25200 
8816 
25201 
8817 
25202 
8818 
25203 
8819 
25204 
8820 
25205 
8821 
25206 
8822 
25207 
8823 
25208 
8824 
25209 
8825 
25210 
8826 
25211 
8827 
25212 
8828 
25213 
8829 
25214 
8830 
25215 
8831 
25216 
8832 
25217 
8833 
25218 
8834 
25219 
8835 
25220 
8836 
25221 
8837 
25222 
8838 
25223 
8839 
25224 
25225 
25226 
25227 
25228 
25229 
25230 
25231 
25232 
25233 
25234 
25235 
25236 
25237 
25238 
25239 
9160 
9161 
9162 
9163 
9164 
9165 
9166 
9167 
9168 
9169 
9170 
9171 
9172 
9173 
9174 
9175 
25560 
9176 
25561 
9177 
25562 
9178 
25563 
9179 
25564 
9180 
25565 
9181 
25566 
9182 
25567 
9183 
25568 
9184 
25569 
9185 
25570 
9186 
25571 
9187 
25572 
9188 
25573 
9189 
25574 
9190 
25575 
9191 
25576 
9192 
25577 
9193 
25578 
9194 
25579 
9195 
25580 
9196 
25581 
9197 
25582 
9198 
25583 
9199 
25584 
9200 
25585 
9201 
25586 
9202 
25587 
9203 
25588 
9204 
25589 
9205 
25590 
9206 
25591 
9207 
25592 
9208 
25593 
9209 
25594 
9210 
25595 
9211 
25596 
9212 
25597 
9213 
25598 
9214 
25599 
9215 
25600 
9216 
25601 
9217 
25602 
9218 
25603 
9219 
25604 
9220 
25605 
9221 
25606 
9222 
25607 
9223 
25608 
9224 
25609 
9225 
25610 
9226 
25611 
9227 
25612 
9228 
25613 
9229 
25614 
9230 
25615 
9231 
25616 
9232 
25617 
9233 
25618 
9234 
25619 
9235 
25620 
9236 
25621 
9237 
25622 
9238 
25623 
9239 
25624 
25625 
25626 
25627 
25628 
25629 
25630 
25631 
25632 
25633 
25634 
25635 
25636 
25637 
25638 
25639 
9560 
9561 
9562 
9563 
9564 
9565 
9566 
9567 
9568 
9569 
9570 
9571 
9572 
9573 
9574 
9575 
25960 
9576 
25961 
9577 
25962 
9578 
25963 
9579 
25964 
9580 
25965 
9581 
25966 
9582 
25967 
9583 
25968 
9584 
25969 
9585 
25970 
9586 
25971 
9587 
25972 
9588 
25973 
9589 
25974 
9590 
25975 
9591 
25976 
9592 
25977 
9593 
25978 
9594 
25979 
9595 
25980 
9596 
25981 
9597 
25982 
9598 
25983 
9599 
25984 
9600 
25985 
9601 
25986 
9602 
25987 
9603 
25988 
9604 
25989 
9605 
25990 
9606 
25991 
9607 
25992 
9608 
25993 
9609 
25994 
9610 
25995 
9611 
25996 
9612 
25997 
9613 
25998 
9614 
25999 
9615 
26000 
9616 
26001 
9617 
26002 
9618 
26003 
9619 
26004 
9620 
26005 
9621 
26006 
9622 
26007 
9623 
26008 
9624 
26009 
9625 
26010 
9626 
26011 
9627 
26012 
9628 
26013 
9629 
26014 
9630 
26015 
9631 
26016 
9632 
26017 
9633 
26018 
9634 
26019 
9635 
26020 
9636 
26021 
9637 
26022 
9638 
26023 
9639 
26024 
26025 
26026 
26027 
26028 
26029 
26030 
26031 
26032 
26033 
26034 
26035 
26036 
26037 
26038 
26039 
9960 
9961 
9962 
9963 
9964 
9965 
9966 
9967 
9968 
9969 
9970 
9971 
9972 
9973 
9974 
9975 
26360 
9976 
26361 
9977 
26362 
9978 
26363 
9979 
26364 
9980 
26365 
9981 
26366 
9982 
26367 
9983 
26368 
9984 
26369 
9985 
26370 
9986 
26371 
9987 
26372 
9988 
26373 
9989 
26374 
9990 
26375 
9991 
26376 
9992 
26377 
9993 
26378 
9994 
26379 
9995 
26380 
9996 
26381 
9997 
26382 
9998 
26383 
9999 
26384 
10000 
26385 
10001 
26386 
10002 
26387 
10003 
26388 
10004 
26389 
10005 
26390 
10006 
26391 
10007 
26392 
10008 
26393 
10009 
26394 
10010 
26395 
10011 
26396 
10012 
26397 
10013 
26398 
10014 
26399 
10015 
26400 
10016 
26401 
10017 
26402 
10018 
26403 
10019 
26404 
10020 
26405 
10021 
26406 
10022 
26407 
10023 
26408 
10024 
26409 
10025 
26410 
10026 
26411 
10027 
26412 
10028 
26413 
10029 
26414 
10030 
26415 
10031 
26416 
10032 
26417 
10033 
26418 
10034 
26419 
10035 
26420 
10036 
26421 
10037 
26422 
10038 
26423 
10039 
26424 
26425 
26426 
26427 
26428 
26429 
26430 
26431 
26432 
26433 
26434 
26435 
26436 
26437 
26438 
26439 
10360 
10361 
10362 
10363 
10364 
10365 
10366 
10367 
10368 
10369 
10370 
10371 
10372 
10373 
10374 
10375 
26760 
10376 
26761 
10377 
26762 
10378 
26763 
10379 
26764 
10380 
26765 
10381 
26766 
10382 
26767 
10383 
26768 
10384 
26769 
10385 
26770 
10386 
26771 
10387 
26772 
10388 
26773 
10389 
26774 
10390 
26775 
10391 
26776 
10392 
26777 
10393 
26778 
10394 
26779 
10395 
26780 
10396 
26781 
10397 
26782 
10398 
26783 
10399 
26784 
10400 
26785 
10401 
26786 
10402 
26787 
10403 
26788 
10404 
26789 
10405 
26790 
10406 
26791 
10407 
26792 
10408 
26793 
10409 
26794 
10410 
26795 
10411 
26796 
10412 
26797 
10413 
26798 
10414 
26799 
10415 
26800 
10416 
26801 
10417 
26802 
10418 
26803 
10419 
26804 
10420 
26805 
10421 
26806 
10422 
26807 
10423 
26808 
10424 
26809 
10425 
26810 
10426 
26811 
10427 
26812 
10428 
26813 
10429 
26814 
10430 
26815 
10431 
26816 
10432 
26817 
10433 
26818 
10434 
26819 
10435 
26820 
10436 
26821 
10437 
26822 
10438 
26823 
10439 
26824 
26825 
26826 
26827 
26828 
26829 
26830 
26831 
26832 
26833 
26834 
26835 
26836 
26837 
26838 
26839 
10760 
10761 
10762 
10763 
10764 
10765 
10766 
10767 
10768 
10769 
10770 
10771 
10772 
10773 
10774 
10775 
27160 
10776 
27161 
10777 
27162 
10778 
27163 
10779 
27164 
10780 
27165 
10781 
27166 
10782 
27167 
10783 
27168 
10784 
27169 
10785 
27170 
10786 
27171 
10787 
27172 
10788 
27173 
10789 
27174 
10790 
27175 
10791 
27176 
10792 
27177 
10793 
27178 
10794 
27179 
10795 
27180 
10796 
27181 
10797 
27182 
10798 
27183 
10799 
27184 
10800 
27185 
10801 
27186 
10802 
27187 
10803 
27188 
10804 
27189 
10805 
27190 
10806 
27191 
10807 
27192 
10808 
27193 
10809 
27194 
10810 
27195 
10811 
27196 
10812 
27197 
10813 
27198 
10814 
27199 
10815 
27200 
10816 
27201 
10817 
27202 
10818 
27203 
10819 
27204 
10820 
27205 
10821 
27206 
10822 
27207 
10823 
27208 
10824 
27209 
10825 
27210 
10826 
27211 
10827 
27212 
10828 
27213 
10829 
27214 
10830 
27215 
10831 
27216 
10832 
27217 
10833 
27218 
10834 
27219 
10835 
27220 
10836 
27221 
10837 
27222 
10838 
27223 
10839 
27224 
27225 
27226 
27227 
27228 
27229 
27230 
27231 
27232 
27233 
27234 
27235 
27236 
27237 
27238 
27239 
11160 
11161 
11162 
11163 
11164 
11165 
11166 
11167 
11168 
11169 
11170 
11171 
11172 
11173 
11174 
11175 
27560 
11176 
27561 
11177 
27562 
11178 
27563 
11179 
27564 
11180 
27565 
11181 
27566 
11182 
27567 
11183 
27568 
11184 
27569 
11185 
27570 
11186 
27571 
11187 
27572 
11188 
27573 
11189 
27574 
11190 
27575 
11191 
27576 
11192 
27577 
11193 
27578 
11194 
27579 
11195 
27580 
11196 
27581 
11197 
27582 
11198 
27583 
11199 
27584 
11200 
27585 
11201 
27586 
11202 
27587 
11203 
27588 
11204 
27589 
11205 
27590 
11206 
27591 
11207 
27592 
11208 
27593 
11209 
27594 
11210 
27595 
11211 
27596 
11212 
27597 
11213 
27598 
11214 
27599 
11215 
27600 
11216 
27601 
11217 
27602 
11218 
27603 
11219 
27604 
11220 
27605 
11221 
27606 
11222 
27607 
11223 
27608 
11224 
27609 
11225 
27610 
11226 
27611 
11227 
27612 
11228 
27613 
11229 
27614 
11230 
27615 
11231 
27616 
11232 
27617 
11233 
27618 
11234 
27619 
11235 
27620 
11236 
27621 
11237 
27622 
11238 
27623 
11239 
27624 
27625 
27626 
27627 
27628 
27629 
27630 
27631 
27632 
27633 
27634 
27635 
27636 
27637 
27638 
27639 
11560 
11561 
11562 
11563 
11564 
11565 
11566 
11567 
11568 
11569 
11570 
11571 
11572 
11573 
11574 
11575 
27960 
11576 
27961 
11577 
27962 
11578 
27963 
11579 
27964 
11580 
27965 
11581 
27966 
11582 
27967 
11583 
27968 
11584 
27969 
11585 
27970 
11586 
27971 
11587 
27972 
11588 
27973 
11589 
27974 
11590 
27975 
11591 
27976 
11592 
27977 
11593 
27978 
11594 
27979 
11595 
27980 
11596 
27981 
11597 
27982 
11598 
27983 
11599 
27984 
11600 
27985 
11601 
27986 
11602 
27987 
11603 
27988 
11604 
27989 
11605 
27990 
11606 
27991 
11607 
27992 
11608 
27993 
11609 
27994 
11610 
27995 
11611 
27996 
11612 
27997 
11613 
27998 
11614 
27999 
11615 
28000 
11616 
28001 
11617 
28002 
11618 
28003 
11619 
28004 
11620 
28005 
11621 
28006 
11622 
28007 
11623 
28008 
11624 
28009 
11625 
28010 
11626 
28011 
11627 
28012 
11628 
28013 
11629 
28014 
11630 
28015 
11631 
28016 
11632 
28017 
11633 
28018 
11634 
28019 
11635 
28020 
11636 
28021 
11637 
28022 
11638 
28023 
11639 
28024 
28025 
28026 
28027 
28028 
28029 
28030 
28031 
28032 
28033 
28034 
28035 
28036 
28037 
28038 
28039 
11960 
11961 
11962 
11963 
11964 
11965 
11966 
11967 
11968 
11969 
11970 
11971 
11972 
11973 
11974 
11975 
28360 
11976 
28361 
11977 
28362 
11978 
28363 
11979 
28364 
11980 
28365 
11981 
28366 
11982 
28367 
11983 
28368 
11984 
28369 
11985 
28370 
11986 
28371 
11987 
28372 
11988 
28373 
11989 
28374 
11990 
28375 
11991 
28376 
11992 
28377 
11993 
28378 
11994 
28379 
11995 
28380 
11996 
28381 
11997 
28382 
11998 
28383 
11999 
28384 
12000 
28385 
12001 
28386 
12002 
28387 
12003 
28388 
12004 
28389 
12005 
28390 
12006 
28391 
12007 
28392 
12008 
28393 
12009 
28394 
12010 
28395 
12011 
28396 
12012 
28397 
12013 
28398 
12014 
28399 
12015 
28400 
12016 
28401 
12017 
28402 
12018 
28403 
12019 
28404 
12020 
28405 
12021 
28406 
12022 
28407 
12023 
28408 
12024 
28409 
12025 
28410 
12026 
28411 
12027 
28412 
12028 
28413 
12029 
28414 
12030 
28415 
12031 
28416 
12032 
28417 
12033 
28418 
12034 
28419 
12035 
28420 
12036 
28421 
12037 
28422 
12038 
28423 
12039 
28424 
28425 
28426 
28427 
28428 
28429 
28430 
28431 
28432 
28433 
28434 
28435 
28436 
28437 
28438 
28439 
12360 
12361 
12362 
12363 
12364 
12365 
12366 
12367 
12368 
12369 
12370 
12371 
12372 
12373 
12374 
12375 
28760 
12376 
28761 
12377 
28762 
12378 
28763 
12379 
28764 
12380 
28765 
12381 
28766 
12382 
28767 
12383 
28768 
12384 
28769 
12385 
28770 
12386 
28771 
12387 
28772 
12388 
28773 
12389 
28774 
12390 
28775 
12391 
28776 
12392 
28777 
12393 
28778 
12394 
28779 
12395 
28780 
12396 
28781 
12397 
28782 
12398 
28783 
12399 
28784 
12400 
28785 
12401 
28786 
12402 
28787 
12403 
28788 
12404 
28789 
12405 
28790 
12406 
28791 
12407 
28792 
12408 
28793 
12409 
28794 
12410 
28795 
12411 
28796 
12412 
28797 
12413 
28798 
12414 
28799 
12415 
28800 
12416 
28801 
12417 
28802 
12418 
28803 
12419 
28804 
12420 
28805 
12421 
28806 
12422 
28807 
12423 
28808 
12424 
28809 
12425 
28810 
12426 
28811 
12427 
28812 
12428 
28813 
12429 
28814 
12430 
28815 
12431 
28816 
12432 
28817 
12433 
28818 
12434 
28819 
12435 
28820 
12436 
28821 
12437 
28822 
12438 
28823 
12439 
28824 
28825 
28826 
28827 
28828 
28829 
28830 
28831 
28832 
28833 
28834 
28835 
28836 
28837 
28838 
28839 
12760 
12761 
12762 
12763 
12764 
12765 
12766 
12767 
12768 
12769 
12770 
12771 
12772 
12773 
12774 
12775 
29160 
12776 
29161 
12777 
29162 
12778 
29163 
12779 
29164 
12780 
29165 
12781 
29166 
12782 
29167 
12783 
29168 
12784 
29169 
12785 
29170 
12786 
29171 
12787 
29172 
12788 
29173 
12789 
29174 
12790 
29175 
12791 
29176 
12792 
29177 
12793 
29178 
12794 
29179 
12795 
29180 
12796 
29181 
12797 
29182 
12798 
29183 
12799 
29184 
12800 
29185 
12801 
29186 
12802 
29187 
12803 
29188 
12804 
29189 
12805 
29190 
12806 
29191 
12807 
29192 
12808 
29193 
12809 
29194 
12810 
29195 
12811 
29196 
12812 
29197 
12813 
29198 
12814 
29199 
12815 
29200 
12816 
29201 
12817 
29202 
12818 
29203 
12819 
29204 
12820 
29205 
12821 
29206 
12822 
29207 
12823 
29208 
12824 
29209 
12825 
29210 
12826 
29211 
12827 
29212 
12828 
29213 
12829 
29214 
12830 
29215 
12831 
29216 
12832 
29217 
12833 
29218 
12834 
29219 
12835 
29220 
12836 
29221 
12837 
29222 
12838 
29223 
12839 
29224 
29225 
29226 
29227 
29228 
29229 
29230 
29231 
29232 
29233 
29234 
29235 
29236 
29237 
29238 
29239 
13160 
13161 
13162 
13163 
13164 
13165 
13166 
13167 
13168 
13169 
13170 
13171 
13172 
13173 
13174 
13175 
29560 
13176 
29561 
13177 
29562 
13178 
29563 
13179 
29564 
13180 
29565 
13181 
29566 
13182 
29567 
13183 
29568 
13184 
29569 
13185 
29570 
13186 
29571 
13187 
29572 
13188 
29573 
13189 
29574 
13190 
29575 
13191 
29576 
13192 
29577 
13193 
29578 
13194 
29579 
13195 
29580 
13196 
29581 
13197 
29582 
13198 
29583 
13199 
29584 
13200 
29585 
13201 
29586 
13202 
29587 
13203 
29588 
13204 
29589 
13205 
29590 
13206 
29591 
13207 
29592 
13208 
29593 
13209 
29594 
13210 
29595 
13211 
29596 
13212 
29597 
13213 
29598 
13214 
29599 
13215 
29600 
13216 
29601 
13217 
29602 
13218 
29603 
13219 
29604 
13220 
29605 
13221 
29606 
13222 
29607 
13223 
29608 
13224 
29609 
13225 
29610 
13226 
29611 
13227 
29612 
13228 
29613 
13229 
29614 
13230 
29615 
13231 
29616 
13232 
29617 
13233 
29618 
13234 
29619 
13235 
29620 
13236 
29621 
13237 
29622 
13238 
29623 
13239 
29624 
29625 
29626 
29627 
29628 
29629 
29630 
29631 
29632 
29633 
29634 
29635 
29636 
29637 
29638 
29639 
13560 
13561 
13562 
13563 
13564 
13565 
13566 
13567 
13568 
13569 
13570 
13571 
13572 
13573 
13574 
13575 
29960 
13576 
29961 
13577 
29962 
13578 
29963 
13579 
29964 
13580 
29965 
13581 
29966 
13582 
29967 
13583 
29968 
13584 
29969 
13585 
29970 
13586 
29971 
13587 
29972 
13588 
29973 
13589 
29974 
13590 
29975 
13591 
29976 
13592 
29977 
13593 
29978 
13594 
29979 
13595 
29980 
13596 
29981 
13597 
29982 
13598 
29983 
13599 
29984 
13600 
29985 
13601 
29986 
13602 
29987 
13603 
29988 
13604 
29989 
13605 
29990 
13606 
29991 
13607 
29992 
13608 
29993 
13609 
29994 
13610 
29995 
13611 
29996 
13612 
29997 
13613 
29998 
13614 
29999 
13615 
30000 
13616 
30001 
13617 
30002 
13618 
30003 
13619 
30004 
13620 
30005 
13621 
30006 
13622 
30007 
13623 
30008 
13624 
30009 
13625 
30010 
13626 
30011 
13627 
30012 
13628 
30013 
13629 
30014 
13630 
30015 
13631 
30016 
13632 
30017 
13633 
30018 
13634 
30019 
13635 
30020 
13636 
30021 
13637 
30022 
13638 
30023 
13639 
30024 
30025 
30026 
30027 
30028 
30029 
30030 
30031 
30032 
30033 
30034 
30035 
30036 
30037 
30038 
30039 
13960 
13961 
13962 
13963 
13964 
13965 
13966 
13967 
13968 
13969 
13970 
13971 
13972 
13973 
13974 
13975 
30360 
13976 
30361 
13977 
30362 
13978 
30363 
13979 
30364 
13980 
30365 
13981 
30366 
13982 
30367 
13983 
30368 
13984 
30369 
13985 
30370 
13986 
30371 
13987 
30372 
13988 
30373 
13989 
30374 
13990 
30375 
13991 
30376 
13992 
30377 
13993 
30378 
13994 
30379 
13995 
30380 
13996 
30381 
13997 
30382 
13998 
30383 
13999 
30384 
14000 
30385 
14001 
30386 
14002 
30387 
14003 
30388 
14004 
30389 
14005 
30390 
14006 
30391 
14007 
30392 
14008 
30393 
14009 
30394 
14010 
30395 
14011 
30396 
14012 
30397 
14013 
30398 
14014 
30399 
14015 
30400 
14016 
30401 
14017 
30402 
14018 
30403 
14019 
30404 
14020 
30405 
14021 
30406 
14022 
30407 
14023 
30408 
14024 
30409 
14025 
30410 
14026 
30411 
14027 
30412 
14028 
30413 
14029 
30414 
14030 
30415 
14031 
30416 
14032 
30417 
14033 
30418 
14034 
30419 
14035 
30420 
14036 
30421 
14037 
30422 
14038 
30423 
14039 
30424 
30425 
30426 
30427 
30428 
30429 
30430 
30431 
30432 
30433 
30434 
30435 
30436 
30437 
30438 
30439 
14360 
14361 
14362 
14363 
14364 
14365 
14366 
14367 
14368 
14369 
14370 
14371 
14372 
14373 
14374 
14375 
30760 
14376 
30761 
14377 
30762 
14378 
30763 
14379 
30764 
14380 
30765 
14381 
30766 
14382 
30767 
14383 
30768 
14384 
30769 
14385 
30770 
14386 
30771 
14387 
30772 
14388 
30773 
14389 
30774 
14390 
30775 
14391 
30776 
14392 
30777 
14393 
30778 
14394 
30779 
14395 
30780 
14396 
30781 
14397 
30782 
14398 
30783 
14399 
30784 
14400 
30785 
14401 
30786 
14402 
30787 
14403 
30788 
14404 
30789 
14405 
30790 
14406 
30791 
14407 
30792 
14408 
30793 
14409 
30794 
14410 
30795 
14411 
30796 
14412 
30797 
14413 
30798 
14414 
30799 
14415 
30800 
14416 
30801 
14417 
30802 
14418 
30803 
14419 
30804 
14420 
30805 
14421 
30806 
14422 
30807 
14423 
30808 
14424 
30809 
14425 
30810 
14426 
30811 
14427 
30812 
14428 
30813 
14429 
30814 
14430 
30815 
14431 
30816 
14432 
30817 
14433 
30818 
14434 
30819 
14435 
30820 
14436 
30821 
14437 
30822 
14438 
30823 
14439 
30824 
30825 
30826 
30827 
30828 
30829 
30830 
30831 
30832 
30833 
30834 
30835 
30836 
30837 
30838 
30839 
14760 
14761 
14762 
14763 
14764 
14765 
14766 
14767 
14768 
14769 
14770 
14771 
14772 
14773 
14774 
14775 
31160 
14776 
31161 
14777 
31162 
14778 
31163 
14779 
31164 
14780 
31165 
14781 
31166 
14782 
31167 
14783 
31168 
14784 
31169 
14785 
31170 
14786 
31171 
14787 
31172 
14788 
31173 
14789 
31174 
14790 
31175 
14791 
31176 
14792 
31177 
14793 
31178 
14794 
31179 
14795 
31180 
14796 
31181 
14797 
31182 
14798 
31183 
14799 
31184 
14800 
31185 
14801 
31186 
14802 
31187 
14803 
31188 
14804 
31189 
14805 
31190 
14806 
31191 
14807 
31192 
14808 
31193 
14809 
31194 
14810 
31195 
14811 
31196 
14812 
31197 
14813 
31198 
14814 
31199 
14815 
31200 
14816 
31201 
14817 
31202 
14818 
31203 
14819 
31204 
14820 
31205 
14821 
31206 
14822 
31207 
14823 
31208 
14824 
31209 
14825 
31210 
14826 
31211 
14827 
31212 
14828 
31213 
14829 
31214 
14830 
31215 
14831 
31216 
14832 
31217 
14833 
31218 
14834 
31219 
14835 
31220 
14836 
31221 
14837 
31222 
14838 
31223 
14839 
31224 
31225 
31226 
31227 
31228 
31229 
31230 
31231 
31232 
31233 
31234 
31235 
31236 
31237 
31238 
31239 
15160 
15161 
15162 
15163 
15164 
15165 
15166 
15167 
15168 
15169 
15170 
15171 
15172 
15173 
15174 
15175 
31560 
15176 
31561 
15177 
31562 
15178 
31563 
15179 
31564 
15180 
31565 
15181 
31566 
15182 
31567 
15183 
31568 
15184 
31569 
15185 
31570 
15186 
31571 
15187 
31572 
15188 
31573 
15189 
31574 
15190 
31575 
15191 
31576 
15192 
31577 
15193 
31578 
15194 
31579 
15195 
31580 
15196 
31581 
15197 
31582 
15198 
31583 
15199 
31584 
15200 
31585 
15201 
31586 
15202 
31587 
15203 
31588 
15204 
31589 
15205 
31590 
15206 
31591 
15207 
31592 
15208 
31593 
15209 
31594 
15210 
31595 
15211 
31596 
15212 
31597 
15213 
31598 
15214 
31599 
15215 
31600 
15216 
31601 
15217 
31602 
15218 
31603 
15219 
31604 
15220 
31605 
15221 
31606 
15222 
31607 
15223 
31608 
15224 
31609 
15225 
31610 
15226 
31611 
15227 
31612 
15228 
31613 
15229 
31614 
15230 
31615 
15231 
31616 
15232 
31617 
15233 
31618 
15234 
31619 
15235 
31620 
15236 
31621 
15237 
31622 
15238 
31623 
15239 
31624 
31625 
31626 
31627 
31628 
31629 
31630 
31631 
31632 
31633 
31634 
31635 
31636 
31637 
31638 
31639 
15560 
15561 
15562 
15563 
15564 
15565 
15566 
15567 
15568 
15569 
15570 
15571 
15572 
15573 
15574 
15575 
31960 
15576 
31961 
15577 
31962 
15578 
31963 
15579 
31964 
15580 
31965 
15581 
31966 
15582 
31967 
15583 
31968 
15584 
31969 
15585 
31970 
15586 
31971 
15587 
31972 
15588 
31973 
15589 
31974 
15590 
31975 
15591 
31976 
15592 
31977 
15593 
31978 
15594 
31979 
15595 
31980 
15596 
31981 
15597 
31982 
15598 
31983 
15599 
31984 
15600 
31985 
15601 
31986 
15602 
31987 
15603 
31988 
15604 
31989 
15605 
31990 
15606 
31991 
15607 
31992 
15608 
31993 
15609 
31994 
15610 
31995 
15611 
31996 
15612 
31997 
15613 
31998 
15614 
31999 
15615 
15616 
15617 
15618 
15619 
15620 
15621 
15622 
15623 
15624 
15625 
15626 
15627 
15628 
15629 
15630 
15631 
15632 
15633 
15634 
15635 
15636 
15637 
15638 
15639 
15960 
15961 
15962 
15963 
15964 
15965 
15966 
15967 
15968 
15969 
15970 
15971 
15972 
15973 
15974 
15975 
15976 
15977 
15978 
15979 
15980 
15981 
15982 
15983 
15984 
15985 
15986 
15987 
15988 
15989 
15990 
15991 
15992 
15993 
15994 
15995 
15996 
15997 
15998 
15999 
16000 
16001 
16002 
16003 
16004 
16005 
16006 
16007 
16008 
16009 
16010 
16011 
16012 
16013 
16014 
16015 
16016 
16017 
16018 
16019 
16020 
16021 
16022 
16023 
16024 
16025 
16026 
16027 
16028 
16029 
16030 
16031 
16032 
16033 
16034 
16035 
16036 
16037 
16038 
16039 
16360 
16361 
16362 
16363 
16364 
16365 
16366 
16367 
16368 
16369 
16370 
16371 
16372 
16373 
16374 
16375 
16376 
16377 
16378 
16379 
16380 
16381 
16382 
16383 
)

// ************************************************************************* //
